1044
8991
4368
4583
1142
8938
8237
1257
9176
8521
6376
7329
2138
6187
6462
5286
5199
8621
5068
5382
6541
8914
1716
8408
7937
2603
6357
5066
7699
7997
9010
8726
3941
7327
3356
3228
5659
4123
9967
4566
2856
5478
7299
7911
9838
3015
5147
5341
4047
6502
3236
5568
9404
2123
7510
7762
2037
1402
5209
8504
9236
8849
9410
1389
3086
8381
1991
8657
4834
9779
3368
9259
5013
8775
2030
7953
1135
5166
8373
3962
2762
6853
9024
2717
3325
4454
3695
1683
2657
8138
3714
2645
1468
7033
8952
5292
3813
9068
8241
8442
2826
5618
8422
4775
6090
7095
8295
8999
7347
1557
1824
7404
1961
3865
8626
3479
9684
1780
3259
2892
9508
5120
6985
9758
7089
7960
5100
7845
5609
5837
7067
3612
2461
7492
1612
5143
2790
6190
1648
7079
5229
7552
6367
7133
3216
4115
5691
3808
4206
8719
1073
1275
3326
6173
9254
9140
4346
1538
9844
1076
8173
1961
5262
7976
8106
7209
9595
9266
7599
8307
5586
9727
3827
8153
8403
9234
4886
5537
4665
9693
5876
6267
1629
3309
9841
5085
8717
9042
8312
8944
3608
9863
8985
5715
9788
6930
4805
1656
7648
4038
8693
6958
9368
3936
3542
3312
5169
7269
7150
2426
6716
8401
2208
9395
9144
9342
4321
2846
8504
5050
7609
8434
1817
4052
2559
2496
8645
7956
1531
6403
5505
5706
3175
8927
6788
7831
3222
2003
8897
2429
3979
6124
9552
5760
3859
1474
5479
7490
3772
8553
4965
6601
2043
5769
4314
1190
1832
6377
3404
1653
6298
8334
3896
4742
6180
5386
9971
4150
1123
2652
2169
1159
1477
2646
6980
2627
2148
7920
9896
8424
8967
7253
5752
3810
8657
2163
5049
6549
4488
5360
1342
4920
4236
5716
3788
7486
2147
1860
2934
9723
7730
1082
6773
5289
6263
8384
5919
2866
6280
4872
8580
3253
9796
1996
4938
5851
4513
6646
9759
8948
1436
1889
2827
6995
1502
8205
8692
7737
7923
4256
3806
7764
2902
9125
5535
2560
1471
9361
8069
5265
1374
5426
3309
1078
5915
3367
3234
1206
4497
4586
5559
4080
9659
4159
3325
2088
5248
9780
4006
8015
6927
9001
2959
2329
3731
6755
2718
7053
6778
2005
1355
4395
5859
6538
6466
6954
4937
2830
6958
9721
5977
5326
9746
6625
4025
3015
3351
4537
2044
6188
9641
8627
6053
4146
2287
1480
3534
1883
6695
8084
2891
3696
5088
4109
9384
9893
4606
9621
7206
8032
7780
3147
6764
7082
2806
3995
8040
1069
1899
7134
1886
1936
3387
9735
4258
4241
8925
5084
8409
5468
7039
2482
6423
5975
1846
7122
6449
1641
9185
3999
6741
4889
4277
3356
1713
8211
8122
7452
1243
9135
6123
7656
1930
7676
7303
7197
5357
9640
4149
7697
6313
7438
5089
7728
4121
6250
3498
9684
8140
3345
3854
2899
5331
5640
3781
8292
4377
7467
8222
1811
1174
1176
6724
7874
2109
9675
2740
1859
4254
1760
8822
2766
2259
1630
7964
9466
6992
5875
1576
7762
9901
9429
7902
9744
2301
7566
3569
7398
7435
9774
1593
4561
2672
1410
8324
2063
1715
6308
1795
5038
1168
3606
9981
5770
3003
1112
9647
8028
4332
3083
4111
5562
2450
7001
5935
4140
4475
3928
7827
9833
1489
6131
5589
3174
6989
5878
5826
3532
7555
7144
1030
8231
4231
9913
7635
4841
5438
4384
6995
3427
1600
2618
6338
6226
1712
7386
2424
2205
6432
1984
7926
8353
7793
3061
8738
8537
6178
5616
6991
4162
3425
2011
9059
7618
5517
6143
1496
1769
7312
2456
2799
3120
5435
1827
1547
9543
3892
5168
5770
9221
9261
6243
1589
3062
7470
1764
6049
8386
8940
9423
7967
9727
4228
9207
6564
4388
1312
2661
7948
9297
3055
9470
3251
6749
8305
7918
5538
3728
9813
6926
7973
7641
4558
1528
4014
7185
7111
8586
5619
4383
9356
9438
6271
9135
9283
9461
4195
1608
5073
8712
6729
6788
9593
3021
3241
8855
1252
2276
2435
5248
2036
4383
6161
7003
9610
5593
4893
2712
1573
6036
6252
9513
8407
5017
5834
1067
3104
6891
3180
2855
7222
3382
5622
2124
6485
4158
3874
3575
3145
3129
6229
9062
9286
2743
1712
8866
3686
2080
8203
8987
6966
1776
9826
1652
1441
8849
6408
5625
5203
3401
1530
5896
9054
9061
5946
7468
6399
9077
2562
7609
4243
7617
8145
2575
9602
9032
3900
9658
8380
6100
9825
9019
6416
3961
4765
4224
6132
8579
7429
4324
2732
5842
2040
6272
8672
6073
6495
7635
8551
1654
6783
2813
9656
6960
7902
1861
4291
4035
5138
3897
1490
6344
9610
1158
5118
8276
2133
1961
6913
7725
1903
8225
8413
7377
4427
5282
5134
8875
1627
9362
6339
3136
4744
4175
4457
3462
9146
3814
7837
3375
2080
9214
3256
4296
3645
7593
7466
5559
8002
9889
7154
1162
2519
7614
8151
4106
9863
7892
4425
1644
1446
3770
3786
8861
9937
4473
6945
3742
1409
8657
6839
1681
5960
3082
5159
1664
5649
3047
7163
1582
7685
5308
7941
4730
3477
6768
9048
7504
7514
7465
2876
2542
6953
4178
3228
1054
4019
1954
6881
5276
9508
4544
7574
2378
4158
3380
5267
4683
1176
9998
7792
9407
8952
7521
9492
5100
4784
9058
2379
7277
5561
5699
7401
5969
6130
8139
1803
9141
5563
3009
8613
3903
4978
8316
1686
3826
2018
1392
2173
2571
7248
5978
3280
6699
6072
6321
6006
2032
2829
5646
7170
2069
2727
5064
4062
9140
8387
3175
1507
6582
9202
7084
8786
2264
5732
2351
3454
9974
5152
8953
8896
6876
4135
3611
6887
4609
8171
6694
6062
7725
6352
2289
5685
5760
7803
1038
1913
9929
1343
6902
5139
6703
7421
7842
9830
8617
7985
8400
8894
7245
7373
4698
2341
1166
8388
1284
8364
5039
1515
6004
4194
2381
2359
8106
3117
1617
8583
3716
7346
1236
4346
2190
4223
3572
1888
5872
8477
9119
8035
6585
5143
7220
4726
9061
1090
5746
3975
8481
2982
2905
2202
1589
7362
9174
4750
5265
5267
3640
3531
6570
7635
5368
7027
5768
2162
3898
9135
6596
3001
8619
4970
6470
7881
9060
2899
2659
3018
1999
2402
8951
7190
7963
9803
3854
9765
5778
6033
9658
7185
5959
7729
6616
9167
3583
6737
8198
9008
7175
2480
5416
1371
5791
6355
9590
5359
7398
2606
6317
3004
7555
9318
9359
1592
6159
2835
2704
2384
8285
6611
2565
5692
5561
7034
7156
4028
6137
8048
3255
5193
9366
9561
1655
5595
6000
2350
3698
8107
4534
8757
1809
2443
5764
4794
5766
5577
8009
2730
6155
5335
9928
2686
7021
4440
2422
5694
6829
1102
3958
9051
6910
7626
3513
8276
7142
9932
5876
8987
3117
2942
4643
5244
2386
8274
6599
5387
2036
6904
8129
3563
6622
7633
9287
7212
4550
8386
3144
3876
9035
2822
9520
3840
5417
8604
7873
2286
7434
5754
9902
3246
2923
2082
9693
5889
3963
2381
3962
5820
5584
5973
8786
4352
5159
7059
7056
2021
5181
5309
2662
4171
9614
7763
4034
4632
7662
5158
1924
9490
1107
2470
7965
7597
5636
6509
5039
3995
6280
1553
8201
8106
1746
6259
4179
9022
6258
2067
1873
3815
4177
8856
5144
9931
1835
6127
9757
8548
3898
6325
7091
7511
3015
6953
7722
3907
1444
8270
1023
6922
5385
9700
3138
9763
1675
1878
1264
9287
6913
9636
3906
9839
4891
8996
8824
1663
7988
7127
6691
7677
5902
3609
7333
1409
3889
5258
8149
2479
8209
9758
3890
5908
9421
4651
8968
4086
9868
4563
7643
2454
9658
4919
3238
8449
3093
3139
5773
8588
4407
6404
6348
4904
5381
2313
6826
7916
9694
1517
1924
2053
4648
2828
2493
8883
8282
9689
3939
1684
3279
5545
5911
6018
6037
7836
9169
4035
1197
8959
6755
6330
2180
4623
1459
4686
6113
8446
9631
2205
2108
3179
8993
3413
5923
2753
8351
6363
3540
5272
1115
2623
2798
4437
6068
5353
6717
5301
9078
9085
7953
8832
8125
4245
6172
4480
7043
8141
4563
5752
5461
3950
8386
1785
1594
9405
7810
7415
4968
1771
6826
7955
6326
4054
1180
8307
4731
3195
3260
2111
8508
3927
8857
7442
5443
5769
9658
8352
6933
8844
2318
2611
7412
8572
9835
3087
8715
9191
4355
3223
9495
